837887887910633512
899101441849958421
786330175952519219
959134743776075877
698768717810761758
925416116191363082
750599226534264862
773651229808525322
967124602423762984
737501056266797056
771079581737549846
761805064041136129
807264775351435325
809215476575240223
902651237617512469
896495616748838913
104414387502071808
836554462242799636
919324011748548638
803861962873765929
916795025508143105
750415442341789886
828143120767909919
330270606098432000
855630821851791400
226803325582966785
696649475455844404
852393174630006784
725738282704699392
746393838402142328
700323978635509881
948404437758656585
811092901466865664
822558709691187261
682357249490157598
484008968906342400
830884896976535572
764101794175123467
866145170557501470
752233018659176529
922604375984185446
816236976624762913
850976271021113344
949718012628463639
527754036297072640
802028191047745556
901254900170784769
688164497982095376
479854342761873408
690716512905855096
849781072585818142
864739147801821185
912720024194654239
873034873517015121
780761861124784178
790339431672184832
888985021917048843
854278073612369950
830856533100593172
844550268830089217
852738694808862743
855843354335510558
612553463917707285
828432275493748776
707755774381654037
768398737676435486
852261281151057990
910322385851412491
857155726036434974
976185376265863168
853346296109858817
894707013014147123
958515144407781418
704153268938604596
627292258894610472
902705887360204810
532052753837588512
823372679968718898
886306688183988225
871038464383143937
939146943211384853
774216944396140594
894954966047940659
567100276054556687
941025043838812160
829242914479669308
861801356749701120
822245725705601074
774901201124065292
899450997871620178
734222773597241367
922814165066846248
968275016259088504
862163082426974228
906532325087670293
954989520619704350
809406983760904282
897356071113461790
762057906803703808
755162582196682894
929963668685336626
803241341436952576
954973144769236992
870146632895840286
775550118283182080
804427962111623210
934775202561277972
174410356179992576
843642217418719253
491378580279001098
839755867846606849
733240526748254278
677955435675779102
242026051553722369
735397889123287051
801926263136059488
742771024311091331
716751236262658108
605800935750631424
556475394602172446
759456884649623553
487738132029243412
859052397435289630
383700430515077120
671433264782901260
877326513052221501
423583927182163969
792504241909661726
856948149310324746
812552264711274536
885334097852002365
711416541542875227
781681170365546498
584770164629831705
658267060555481090
796201259677384704
881422058423222272
494992865621966868
606571577991102501
894022035771101194
770242953762963497
340181021523836928
845487810978119714
336942136329109504
702551592880308324
951843178439393290
287646381361987584
477621929407414273
927576326485979207
952989091128033312
439768126020911134
937878337974599730
394884449885618177
699538812803743775
895158316039290920
811195405588627456
851302037555511296
715295393658830919
826594112802521110
943901416710340609
517114250053812235
708075966236459010
979110003661234278
967806789225693264
895396304446959647
950399051046744094
862455795186925610
578599265681670155
935232428707049512
925883128759873606
828012322156445726
885654980739084318
577905165202620416
710219328846430348
729432530117460098
864277709285490739
893967515259133952
839471116913082398
800569400561893416
758491048971468821
899560814833434636
256458106836353024
251140301098450954
903536422529671178
950918180048621578
901895117282086953
881945960949882901
672654205944725534
788156185139740722
899238156191281182
269433966971453440
837365759960416296
353800506797195274
740062894787526687
840325202742607872
768348659317866586
834619052957630524
119238321934172161
323977342441488384
756749837050839152
812111664241049640
856884138946199552
770680427244945449
695727243850154096
821207672908283955
958119172179640320
687013761063583767
926174761212592219
912390076921688107
852718418737758248
476087741323673610
764419739069972490
606314904852627506
958912048778076160
813221688967823411
813889272338972752
741791529550741634
777001085553606657
861650229371994173
581978988302565376
776101836540477450
855114393657540609
463270206035197953
878412373008990238
833515966608441354
929309145423835137
543154013940482080
966991914278731836
779031085967081522
882391024826191932
872629260127469659
670103341858160651
556397254848806932
870507430356844544
276562804943618049
339558145317797888
635990127616983053
269901916467625984
957858966304600075
819779957165129738
432644846314979328
884829050038804480
784852929361608714
942054520492552243
934541710581723156
761023659527634954
806120926882168873
721731295603982419
678694748529229858
855598668568330310
733519395891970078
908532510466654209
752730816291012661
873193957507624990
924487815931256833
589482672976298004
730342800192700506
957036086620725258
808941222583468032
953771950411497512
811366418741461033
691771271129858129
773608812833538048
529920651218255892
811682107205746688
961402677101756487
934339487687901214
880971876543905842
838909250457567263
889998312793571359
857689879814209548
347115582262607872
742834298864009216
791216804009213954
917616940002983966
343968036388077568
800525696274268190
988289051616477214
691491494967640074
744588263414562898
938963927344230450
492837844285521931
744734970333102160
720976691199213650
403358764163399691
879525544604102678
741183631212675072
552103206449053697
377196340775485441
911482731416911913
789716897946927144
912537750840946748
349350534232277003
552598157226278913
846840600484511794
717408014109376588
770685568077266974
952964598468866069
839928305666752592
937922832141262848
397342859356930048
793913376056148020
891134982070894652
969172364271161344
131852970462543872
449301995090739210
786249838042808321
930659804811235348
286297616818634753
757368067163553853
558812787183452173
541983918354595851
700445165726466150
853389309793009714
868701886562332712
699236887751032902
613581724110159873
923710730732191775
846352772688773142
480747486865260544
845361232520151071
907072774747594772
105843561504784384
803419769717260348
773158987536400384
796080489601433700
753708225022656614
779465911845126215
728284633556582513
867445510125781014
848138894993129483
944414658771714108
865353759566462987
560282925749370884
946642225771728968
627982048778387456
883891354478972989
839631685279547432
733278262792552458
725774532400644158
863239086146977813
819542092934021121
373736981114519552
714646350838366208
864109788648439818
807459448041242624
868351784521973800
835215608571363398
590602343477936159
972233898207617095
828552226460270622
412315624199553026
916667035986051122
600418410161111054
769783168151846942
800204395354521611
891459663781036062
595754548291698688
643865219059417138
926586100909232138
620748423129202689
896937761054027866
602645976469209117
709591029170307143
666647488756973599
731967446751248395
838656557267812394
904900466498998292
823405716848902224
852917268785922088
484194887374209038
276122287001042944
857455747784900610
759259993660457011
896201533174206474
798189716426981376
825839059715883048
785951909722849292
634537497472532481
830126738423283823
823582899390906379
325599561798254592
758602679244554252
841187309981794314
450414156332400640
817435634783485995
669399439521087518
889156301056262205
416076348793159680
914284366451056650
757379991649517663
956612287391752222
899522584452927509
670719544125292551
962452438785343568
611281907585384657
764322011555430401
866208158304305194
867833860699455518
776270134750871572
542545888749420544
769260356949508106
530886654630821890
919085382094704721
748751391845122068
895519494431195147
852456547840819260
491604486486228992
700846664776286279
967762244937068565
735053006709456917
914942832115081287
233032733742333952
695128600629739550
293868567940825100
720415084643614780
906376106934935563
924497526009237526
804319208502198302
675874406756646913
700445252170940448
874400798526804008
435300336521969664
953485163927576648
826608906288758875
830420504220663828
866310033491230770
511367513477611521
839705026627895326
704093783440097310
944045844708089906
815995493837963334
899475745850687569
870522052291989594
929807698726379540
834276928101810196
924783956308672594
974034845753823322
409483535750135812
942653930691780688
727837388541263872
738551843340156968
735470951348699167
915739071446384721
690824687088959500
737114067587825754
880182443951423538
873466749754945586
858298891186208798
377117959274889217
743614526825431131
820573069155893258
765261902304510032
834206822168002590
903839372397395968
778995069839081492
608804354496921650
744757909740716146
941911923765694514
700997266265210980
703627665931894795
827645257730621470
906561092195602482
710674913609908294
789572592239247390
946432793997631528
714985971808206930
717033953328103605
448582704284303360
763580635910373386
843201182276386817
631528001162706945
702521576008187995
803742375053885482
924034534482247680
510063953007738880
820316933265424434
783024990080466955
874709148758077510
825556763813871617
885970347252408401
332844346602815488
897544888697094144
913302292692877312
936445891500474368
699240743855718520
797928588347310119
880227451685470239
896587467313004545
867994209444053012
753742308993925220
836457097888923658
833678442733895720
797188087926882366
906756775158611989
454434208182566913
748210677063221418
648579255768186911
774260080274309130
792147323409006652
656318169090228245
967744486610468874
888835731777257503
874911304123572224
936240641548107806
249109977887801345
793867275606163489
930905160551661589
399536803524247553
667333571639508996
796485509097979965
928026636237013082
977014568050106378
965111179527725066
919164295965704192
889645691675238420
873584433540763659
261647783587479562
463336226347286538
795541485675085895
723002322283790387
577973481749086223
850936714280042527
708088129118273537
825524063580979240
736675050840653825
589705382893584385
801366316497895435
623922869377826847
917838977208291389
760883148489097217
714472510187503647
721186837309161482
906561047018737695
820499011387654194
788713454701772821
918992628824027207
728604857270927412
758100795244675132
830034264522752011
763330895368683561
763172339743457290
884921632458670122
516363042624110612
461236942369980457
572932935313915904
676188236493619212
861809519108423680
939357629262729286
982022738258567208
726360283299315782
814388271554887710
772963086746910753
961299830645358626
329634304084934658
517164216939970560
309024765027418112
758233608212316181
612707713872429107
783881592799625236
666734351869804546
776471428610129960
911241825556234282
797577441321287700
396096179659735040
872133592698986506
270743918851653633
458631139087876112
905559126778707998
569719710132994069
688191569043652721
213546842581893120
745101342993023069
933331302072066058
922918992128122890
660487028177371148
763563351972118548
830335934968365097
418788651137499138
863818601638264872
854257295172960286
840243475592380447
702207001609896076
772889358348845086
749421741897678978
742851857143300099
821364357715198003
831128205204914196
807940632315428864
925611932579401728
754039230749081774
762110266204225547
811420521312944158
505632751161049101
837856036533698610
714207947982372866
746387523995172925
790757716300922921
543079562334961665
758453856996163584
864699951694610452
372133645533708291
811719111578353665
883005754666287125
802451153341382687
557659519010996235
613498099754598400
742838392571559936
832335572667990047
922180486573482035
813166893086408714
599044900000104451
776816116113997854
743439368685092944
414584644881874944
844162286301085696
703050380153454644
812057217494810645
936407341199396895
848794936211800116
536696042649944064
960372874919686206
654838520862474240
826773793766768650
643285818118504449
716136323429171281
824817766891913267
978025060843520040
778785154831351838
554703819217567766
737097382642188349
926193493079097344
825118341273223169
722565095896383578
638050444475760675
779776033112064055
925315916005257216
943328552529571911
292137761513799691
874727117894606908
649800705133117444
623861450632593409
838134245041111050
640216644500848641
936379526043279380
830417439564496907
925781770367008859
742961889830764625
941441374400684062
536549775189999623
745895410161287199
397838225319657473
731399412747730994
742092286589927465
852871577824526365
496449609842032652
943990864353591326
642017627895758875
957092642636857364
716271302045859911
791901557910011964
515856251650048010
679127515389886464
569422462752653322
453985569568063492
979377162673070120
966073830319718491
844772131890921472
814817454668644372
911882120622899281
942276155304718417
501495451120435201
952775833355964436
587662201263751168
309828581603934218
568882132525514767
579823053371080709
847598270783946763
767174802816630805
929325624831643649
604872397740310530
877761523332841502
786274536135327765
802486828837371944
722200751815917700
477208173778829312
658418119051837440
770783870911905872
827368517450858546
939509550439084032
557764803683155999
774779917350731787
635109639641628672
734525146794295308
843619011055845376
894326321969258546
779344512714670100
830251246618148885
448936359172898827
439727839965741056
911408011522748436
858042252429623326
865545642439737359
687416345742409736
751629801197928451
971294917789904897
859240379576746014
932350634986963015
716398036594720809
919522084550479904
294867575483924480
797249265595580447
732914601355771906
865109004867207208
766858148299407380
313662697000402955
910826817936580648
826125728201965568
850564544287342603
842377651062308874
823464003228532846
738106813119070329
825897834456416297
872863689483624468
792865779015090196
930332790564741151
939209231469531217
813598412959252510
905447214757859349
638081766569017376
970062196639924284
756380738349170689
786642748635086868
714348312106500156
858855512938512395
337372679730626561
812078192672243732
809664018469617715
443021305869107200
841688384765952010
894026194238988338
730662222757494888
723355396751884339
816535668519206974
938507380415688704
875904089265934387
465945132814958602
825156441694011402
765975796841054240
726287624809087147
833056024994381884
776635847768408087
891800943669170177
704173511240974408
855005957389025291
597120378132889613
738849516589154336
758870666296164352
903654715181658132
784771658014523433
679817198348402909
795337172361281536
820142588299837460
579731376358686734
725609376521519144
807790612333723680
862159922494177290
939701078356791376
953701921569521714
813542320888086540
791243737811779584
693272503992320050
702958080744488992
559471329447772174
899641674853146665
947340485922529300
925591679770193931
918189209871863849
771130244718526474
706201569527463958
844205844300169296
721841714884509838
735927142164201556
763441403903606814
911240905560834079
603825331543080961
925957970209177701
845095216242622475
841736972417499177
744150043891859516
720010178111733901
820964050754076682
607019334275039260
584053351872724993
960377913126056047
844143261375528980
732769078413885461
915370282854797363
810890758449135617
949177553640382474
837004191326404638
583726425853657119
913304836726984744
629745481668493332
825406818120368170
929693395977379910
525837690093043712
596858992781951016
930332879504941057
752076275149176903
836345632628670584
876631800011698257
847997192589672498
547116471344431114
822191410731024424
763961368122228766
857056766708940811
615263845711085699
406168496620437515
587408988795306024
872542522595999784
711631936757432400
899696602577530942
909502414741192734
838073351650017300
773683914870489099
607153653308194830
986436955053109270
765210231508303873
890042487568207914
854024981561212970
746524339649904690
462218811253456906
512835890872188948
344973812896497666
885254361360523335
728909536877871165
832969842545000458
737518154703568917
636239136189317145
699888113438294018
968920976970612826
861027458593849356
404832597626191872
832429768212611132
910419420852154378
836429194346627127
777709956245618719
913518267522502716
953630679583830016
838489850919256164
814577483244503081
939305682216308737
914611888111906816
419313158713376768
873716905884676116
870000113131593779
738042695154532453
584814550742728774
820432051567198258
984793022090850325
764684000013975623
630282322066800640
815776820548206602
745987688582086737
921041205247242310
707258446378172426
796465211842363423
745237591959535616
863917109646327839
860400627934035999
951514479726837800
853610965529657344
578762080987906058
724995285461237782
908046608531324939
953118206032232478
758366101423259658
711315719656308737
904265467680681995
771211381797158933
405862581262352386
622541785599836200
784264182878044183
837029097291907092
858301593689653298
748690228792786985
841318509626523669
627650233198968845
714234436903895061
610638149391220750
389607331639590912
837316141889749052
504798995000852492
882068262794457088
748655571355304049
918337575511523329
916788678439866388
784616781880623105
737831531527274601
895349479983689788
536258422069264384
688132316815818876
723254324838400141
798681768924413974
727573247201378374
825644359755890718
829762342504890469
852807253236383764
756323530282369044
720604149854634055
830254882069413910
697089728415137944
938856785333354666
816417454057062490
968110052739264532
730015589514608670
840048726399647754
849350264016076840
810770205630398464
931058073538269225
756619764863860737
821205622627500032
566366277443256350
951272745956679760
781881975119937538
844980760145559603
566565266520277013
929556925857796096
922601703373701121
851727026414944286
745481748007223356
465705983713345547
668243674437779476
824166255728263198
832775076347904021
743629613527334962
804869169832132618
593123897755566103
917979686791946292
884446977390161931
740972049132027925
864696341150433280
696417676158828565
845874885829066782
861727079460765696
965804277274665020
617465915487027200
757386471866105886
882559191221403698
508545587574997003
826496296063729704
278702731567431680
789413860356522034
691727376085680171
427988499073990666
946977131982905424
331847853175603200
817992636526362634
699683770428686346
788995265007714336
876975577985335308
823214181146165258
800762709519368262
961188355108925440
521835640992825346
822758333650960394
525909186853470208
811160716236423199
836502923055202324
949302264747667547
822418152830140416
822605170923274241
581786503965966337
849314907718549554
904844304122544158
556333330446942208
759779687915454484
846735619912106036
808159197204054036
794097319053230092
734273893094654002
663150520919261244
847363035604582431
901365791713288213
493228683893407745
715506440076263493
769757959647002624
858839832372314183
598975735222370307
278115875184181249
568959767532535847
672196470321053696
826889275332624404
610958287004893227
761266646932258816
971965057611206766
539739160605360128
748002953687859211
726949749844082758
805532038102777876
874881558077657098
289997538214281226
746922639330770995
807949760899448832
697162158512799795
184393056362037248
878031046585770056
405376569851379712
541568431934144523
912076022592208956
530333610482335756
521805449285206026
869399453310779432
918695652333084703
588964786218205186
933163994850672700
907669349005951036
416983674555465729
824813443555000350
887828865953705984
685603175184728075
732470678401449994
851618208049266709
770521487769468928
915969946863960064
811825510661226496
682926363518435334